UPPER,1,MOLAR_UR7_LL7,1,MESIAL,1,0.4921242844612872,0.20378890691630835|0.18410591414001637|0.21520249715912404|-0.042913767140522585|0.29476931559732394|0.14504713332774993,6.956944704055786
UPPER,1,MOLAR_UR7_LL7,1,DISTAL,2,5.983062740488015,0.22385259415197584|0.2988135579362554|0.05519274839148304|0.14304085132890704|0.048892681838781996|0.2302075663525967,7.018117427825928
UPPER,1,MOLAR_UR7_LL7,1,BUCCAL_OR_LABIAL,3,1.7296357088305727,-0.2877722774847181|0.24843766262667866|0.1441402304102073|0.12832450271467388|0.27904366972201444|0.48782621201114384,7.116945505142212
UPPER,1,MOLAR_UR7_LL7,1,LINGUAL_OR_PALATAL,4,2.3907023292602294,0.14568686935690223|0.023931839365072732|0.04039533685959325|0.19983148815699592|0.29978932667614433|0.29036513958529164,7.2952470779418945
UPPER,1,MOLAR_UR7_LL7,1,PIT,5,0.6017033121058644,0.19168902799372262|0.20191553823073116|0.1224937098415988|0.12499024567484895|0.1299872063783711|0.22892427188072734,6.997267961502075
UPPER,1,MOLAR_UR7_LL7,1,CUSP_IN_MESIAL,12,0.9320723635082995,0.194456177185642|0.16923943540596004|0.14489934860505221|0.12310974011496745|0.25213280413451045|0.11616249455386785,7.007755517959595
UPPER,1,MOLAR_UR7_LL7,1,CUSP_IN_DISTAL,13,0.4257096077210532,0.2226381423716342|0.2591495756810972|0.12024637920744677|0.23155125072290478|0.20200267180744153|-0.03558801979052442,7.207093238830566
UPPER,1,MOLAR_UR7_LL7,1,CUSP_OUT_MESIAL,9,0.4365817061004758,0.16602559054197513|0.2656495967212873|0.12751765238285434|0.10131363482243066|0.2581344615523967|0.08135906397905587,6.995110511779785
UPPER,1,MOLAR_UR7_LL7,1,CUSP_OUT_DISTAL,11,0.42421523771923303,0.2491826012768581|0.28239741601945|0.0029443118896638303|0.09210521030329624|0.3563246648579026|0.017045795652829238,7.3230366706848145
UPPER,1,MOLAR_UR6_LL6,2,MESIAL,1,0.3098012916680927,0.08329027076875045|0.06874831157764158|0.3013876300601248|0.04280346220134243|0.34382067795510085|0.15994964743703982,7.407403230667114
UPPER,1,MOLAR_UR6_LL6,2,DISTAL,2,4.718490587769757,0.19883023709519987|0.37569946309657776|-0.00694957267607091|0.3000926081152666|0.1753167756891888|-0.042989511320162155,7.410857915878296
UPPER,1,MOLAR_UR6_LL6,2,BUCCAL_OR_LABIAL,3,2.0325360575993945,-0.1734132030757608|0.061157168155216685|0.30092611192468033|0.3074314666060469|0.20208427358331266|0.3018141828065042,7.608769416809082
UPPER,1,MOLAR_UR6_LL6,2,LINGUAL_OR_PALATAL,4,1.569139053919856,0.13072665831964125|-0.07354113663964873|0.22802083426562586|0.2549964276940966|0.20033405065666388|0.25946316570362116,7.681965112686157
UPPER,1,MOLAR_UR6_LL6,2,PIT,5,0.860866447724045,0.13855987974162076|0.1124378704938998|0.25793421413824935|0.30955128780047503|-0.04435567560295606|0.225872423428711,7.420656442642212
UPPER,1,MOLAR_UR6_LL6,2,CUSP_IN_MESIAL,12,0.4059388028908927,0.17265134348297867|0.1610245771383353|0.06899343485450612|0.05020347145877167|0.39081612112097175|0.1563110519444365,7.172112226486206
